0 0 2
0 1 1
0 2 1
0 3 0
0 4 1
0 5 1
0 6 0
0 7 1
0 8 0
0 9 1
0 10 0
0 11 2
0 12 1
0 13 2
0 14 0
0 15 2
0 16 2
0 17 1
0 18 2
0 19 2
0 20 0
0 21 1
0 22 1
0 23 2
0 24 1
0 25 1
0 26 1
0 27 1
0 28 2
0 29 0
1 0 0
1 1 2
1 2 2
1 3 1
1 4 2
1 5 0
1 6 0
1 7 0
1 8 1
1 9 1
1 10 2
1 11 1
1 12 0
1 13 0
1 14 1
1 15 2
1 16 1
1 17 2
1 18 0
1 19 1
1 20 2
1 21 1
1 22 2
1 23 0
1 24 1
1 25 1
1 26 0
1 27 0
1 28 0
1 29 0
2 0 0
2 1 0
2 2 2
2 3 0
2 4 2
2 5 2
2 6 0
2 7 0
2 8 0
2 9 2
2 10 2
2 11 0
2 12 1
2 13 2
2 14 1
2 15 2
2 16 1
2 17 2
2 18 2
2 19 2
2 20 1
2 21 2
2 22 2
2 23 1
2 24 0
2 25 0
2 26 0
2 27 0
2 28 0
2 29 0
3 0 0
3 1 1
3 2 2
3 3 1
3 4 1
3 5 1
3 6 0
3 7 2
3 8 2
3 9 1
3 10 1
3 11 1
3 12 1
3 13 2
3 14 2
3 15 0
3 16 0
3 17 1
3 18 0
3 19 0
3 20 2
3 21 2
3 22 2
3 23 1
3 24 1
3 25 0
3 26 1
3 27 2
3 28 1
3 29 0
4 0 1
4 1 0
4 2 2
4 3 1
4 4 1
4 5 2
4 6 0
4 7 2
4 8 2
4 9 0
4 10 1
4 11 2
4 12 2
4 13 0
4 14 2
4 15 2
4 16 0
4 17 2
4 18 1
4 19 1
4 20 0
4 21 0
4 22 0
4 23 0
4 24 1
4 25 0
4 26 0
4 27 0
4 28 0
4 29 0
5 0 1
5 1 2
5 2 1
5 3 2
5 4 0
5 5 2
5 6 1
5 7 1
5 8 2
5 9 0
5 10 2
5 11 0
5 12 0
5 13 2
5 14 0
5 15 0
5 16 2
5 17 0
5 18 2
5 19 0
5 20 2
5 21 0
5 22 1
5 23 0
5 24 1
5 25 2
5 26 1
5 27 2
5 28 0
5 29 0
6 0 0
6 1 2
6 2 2
6 3 1
6 4 1
6 5 0
6 6 1
6 7 0
6 8 2
6 9 1
6 10 1
6 11 1
6 12 1
6 13 2
6 14 0
6 15 2
6 16 2
6 17 0
6 18 1
6 19 2
6 20 1
6 21 1
6 22 1
6 23 2
6 24 2
6 25 0
6 26 1
6 27 1
6 28 0
6 29 0
7 0 1
7 1 1
7 2 0
7 3 1
7 4 0
7 5 2
7 6 1
7 7 2
7 8 2
7 9 0
7 10 0
7 11 1
7 12 2
7 13 0
7 14 1
7 15 1
7 16 0
7 17 0
7 18 1
7 19 1
7 20 1
7 21 0
7 22 2
7 23 2
7 24 2
7 25 0
7 26 0
7 27 2
7 28 2
7 29 0
8 0 0
8 1 0
8 2 2
8 3 0
8 4 2
8 5 0
8 6 2
8 7 1
8 8 0
8 9 2
8 10 2
8 11 1
8 12 0
8 13 2
8 14 1
8 15 2
8 16 1
8 17 0
8 18 0
8 19 2
8 20 1
8 21 2
8 22 0
8 23 2
8 24 2
8 25 1
8 26 2
8 27 2
8 28 1
8 29 1
9 0 0
9 1 1
9 2 2
9 3 2
9 4 1
9 5 1
9 6 0
9 7 0
9 8 0
9 9 0
9 10 0
9 11 0
9 12 2
9 13 0
9 14 0
9 15 1
9 16 0
9 17 1
9 18 1
9 19 1
9 20 1
9 21 1
9 22 1
9 23 2
9 24 0
9 25 1
9 26 1
9 27 0
9 28 0
9 29 2
10 0 2
10 1 1
10 2 0
10 3 2
10 4 2
10 5 2
10 6 1
10 7 2
10 8 0
10 9 0
10 10 1
10 11 0
10 12 0
10 13 0
10 14 0
10 15 1
10 16 2
10 17 1
10 18 2
10 19 1
10 20 0
10 21 1
10 22 2
10 23 1
10 24 1
10 25 0
10 26 0
10 27 2
10 28 1
10 29 1
11 0 1
11 1 0
11 2 0
11 3 2
11 4 0
11 5 0
11 6 1
11 7 1
11 8 1
11 9 1
11 10 1
11 11 2
11 12 1
11 13 2
11 14 0
11 15 0
11 16 1
11 17 2
11 18 2
11 19 1
11 20 1
11 21 2
11 22 0
11 23 1
11 24 1
11 25 1
11 26 1
11 27 0
11 28 1
11 29 2
12 0 2
12 1 0
12 2 0
12 3 2
12 4 1
12 5 0
12 6 1
12 7 2
12 8 0
12 9 2
12 10 2
12 11 2
12 12 1
12 13 0
12 14 0
12 15 2
12 16 0
12 17 1
12 18 2
12 19 2
12 20 1
12 21 1
12 22 2
12 23 1
12 24 0
12 25 2
12 26 0
12 27 2
12 28 2
12 29 2
13 0 2
13 1 1
13 2 0
13 3 1
13 4 1
13 5 1
13 6 2
13 7 2
13 8 1
13 9 0
13 10 1
13 11 0
13 12 0
13 13 0
13 14 2
13 15 1
13 16 0
13 17 0
13 18 0
13 19 0
13 20 1
13 21 1
13 22 2
13 23 0
13 24 0
13 25 2
13 26 0
13 27 1
13 28 2
13 29 0
14 0 0
14 1 0
14 2 1
14 3 1
14 4 1
14 5 1
14 6 0
14 7 1
14 8 0
14 9 2
14 10 2
14 11 0
14 12 0
14 13 0
14 14 1
14 15 0
14 16 1
14 17 2
14 18 1
14 19 2
14 20 0
14 21 2
14 22 1
14 23 2
14 24 0
14 25 1
14 26 2
14 27 2
14 28 2
14 29 0
15 0 2
15 1 1
15 2 0
15 3 2
15 4 2
15 5 2
15 6 0
15 7 0
15 8 0
15 9 1
15 10 0
15 11 2
15 12 2
15 13 1
15 14 2
15 15 1
15 16 2
15 17 1
15 18 0
15 19 0
15 20 1
15 21 1
15 22 2
15 23 0
15 24 0
15 25 0
15 26 2
15 27 0
15 28 2
15 29 0
16 0 0
16 1 0
16 2 1
16 3 0
16 4 2
16 5 0
16 6 0
16 7 0
16 8 1
16 9 1
16 10 1
16 11 1
16 12 1
16 13 1
16 14 0
16 15 2
16 16 0
16 17 2
16 18 0
16 19 0
16 20 0
16 21 2
16 22 1
16 23 0
16 24 0
16 25 2
16 26 0
16 27 0
16 28 2
16 29 1
17 0 0
17 1 1
17 2 1
17 3 1
17 4 2
17 5 0
17 6 2
17 7 0
17 8 0
17 9 1
17 10 1
17 11 2
17 12 0
17 13 0
17 14 1
17 15 1
17 16 2
17 17 1
17 18 0
17 19 1
17 20 2
17 21 1
17 22 1
17 23 1
17 24 1
17 25 2
17 26 0
17 27 2
17 28 2
17 29 1
18 0 1
18 1 0
18 2 0
18 3 2
18 4 2
18 5 2
18 6 0
18 7 1
18 8 2
18 9 1
18 10 0
18 11 1
18 12 1
18 13 1
18 14 2
18 15 0
18 16 2
18 17 1
18 18 1
18 19 1
18 20 0
18 21 2
18 22 2
18 23 2
18 24 0
18 25 1
18 26 1
18 27 2
18 28 1
18 29 1
19 0 1
19 1 0
19 2 2
19 3 1
19 4 2
19 5 1
19 6 0
19 7 0
19 8 2
19 9 0
19 10 1
19 11 0
19 12 1
19 13 2
19 14 2
19 15 0
19 16 0
19 17 2
19 18 0
19 19 0
19 20 0
19 21 0
19 22 2
19 23 1
19 24 0
19 25 2
19 26 0
19 27 2
19 28 1
19 29 1
20 0 1
20 1 0
20 2 2
20 3 0
20 4 1
20 5 1
20 6 1
20 7 2
20 8 2
20 9 2
20 10 0
20 11 0
20 12 0
20 13 1
20 14 0
20 15 0
20 16 0
20 17 1
20 18 2
20 19 1
20 20 1
20 21 0
20 22 2
20 23 0
20 24 1
20 25 0
20 26 0
20 27 2
20 28 2
20 29 0
21 0 0
21 1 1
21 2 0
21 3 2
21 4 1
21 5 2
21 6 1
21 7 1
21 8 2
21 9 0
21 10 1
21 11 2
21 12 1
21 13 2
21 14 1
21 15 2
21 16 2
21 17 2
21 18 1
21 19 1
21 20 0
21 21 2
21 22 2
21 23 1
21 24 0
21 25 1
21 26 1
21 27 2
21 28 0
21 29 1
22 0 2
22 1 1
22 2 2
22 3 0
22 4 1
22 5 2
22 6 2
22 7 0
22 8 1
22 9 1
22 10 1
22 11 2
22 12 1
22 13 2
22 14 2
22 15 0
22 16 0
22 17 1
22 18 0
22 19 1
22 20 0
22 21 1
22 22 2
22 23 1
22 24 0
22 25 0
22 26 2
22 27 1
22 28 2
22 29 1
23 0 2
23 1 2
23 2 2
23 3 0
23 4 0
23 5 1
23 6 2
23 7 0
23 8 2
23 9 0
23 10 2
23 11 1
23 12 0
23 13 1
23 14 1
23 15 2
23 16 1
23 17 1
23 18 1
23 19 0
23 20 0
23 21 1
23 22 2
23 23 2
23 24 2
23 25 2
23 26 2
23 27 0
23 28 0
23 29 0
24 0 1
24 1 0
24 2 2
24 3 0
24 4 0
24 5 0
24 6 2
24 7 0
24 8 1
24 9 2
24 10 1
24 11 1
24 12 1
24 13 1
24 14 2
24 15 2
24 16 1
24 17 2
24 18 1
24 19 2
24 20 2
24 21 2
24 22 2
24 23 1
24 24 2
24 25 1
24 26 0
24 27 2
24 28 2
24 29 1
25 0 2
25 1 0
25 2 2
25 3 0
25 4 2
25 5 0
25 6 0
25 7 2
25 8 1
25 9 2
25 10 2
25 11 0
25 12 0
25 13 0
25 14 1
25 15 0
25 16 0
25 17 1
25 18 0
25 19 2
25 20 0
25 21 2
25 22 2
25 23 2
25 24 1
25 25 1
25 26 2
25 27 1
25 28 0
25 29 2
26 0 0
26 1 1
26 2 0
26 3 2
26 4 1
26 5 0
26 6 0
26 7 2
26 8 2
26 9 2
26 10 2
26 11 2
26 12 2
26 13 2
26 14 2
26 15 1
26 16 0
26 17 0
26 18 2
26 19 0
26 20 0
26 21 1
26 22 0
26 23 2
26 24 1
26 25 1
26 26 1
26 27 1
26 28 0
26 29 2
27 0 1
27 1 1
27 2 0
27 3 2
27 4 1
27 5 2
27 6 2
27 7 2
27 8 2
27 9 1
27 10 2
27 11 1
27 12 1
27 13 1
27 14 2
27 15 2
27 16 1
27 17 0
27 18 2
27 19 1
27 20 1
27 21 1
27 22 0
27 23 2
27 24 1
27 25 2
27 26 1
27 27 0
27 28 1
27 29 2
28 0 0
28 1 2
28 2 1
28 3 0
28 4 2
28 5 0
28 6 0
28 7 1
28 8 2
28 9 2
28 10 1
28 11 2
28 12 2
28 13 2
28 14 1
28 15 1
28 16 1
28 17 0
28 18 1
28 19 2
28 20 0
28 21 0
28 22 1
28 23 0
28 24 0
28 25 2
28 26 0
28 27 2
28 28 0
28 29 2
29 0 1
29 1 0
29 2 2
29 3 0
29 4 1
29 5 2
29 6 0
29 7 1
29 8 1
29 9 1
29 10 1
29 11 0
29 12 0
29 13 1
29 14 0
29 15 2
29 16 2
29 17 2
29 18 0
29 19 1
29 20 2
29 21 1
29 22 0
29 23 1
29 24 1
29 25 0
29 26 1
29 27 2
29 28 0
29 29 2
30 0 2
30 1 2
30 2 0
30 3 1
30 4 0
30 5 1
30 6 1
30 7 1
30 8 0
30 9 1
30 10 2
30 11 2
30 12 1
30 13 0
30 14 1
30 15 2
30 16 1
30 17 0
30 18 0
30 19 2
30 20 2
30 21 2
30 22 0
30 23 2
30 24 1
30 25 1
30 26 0
30 27 0
30 28 1
30 29 1
31 0 2
31 1 0
31 2 1
31 3 2
31 4 0
31 5 2
31 6 2
31 7 1
31 8 0
31 9 0
31 10 2
31 11 1
31 12 0
31 13 1
31 14 2
31 15 1
31 16 1
31 17 0
31 18 2
31 19 1
31 20 0
31 21 1
31 22 2
31 23 0
31 24 1
31 25 0
31 26 0
31 27 2
31 28 1
31 29 1
32 0 1
32 1 0
32 2 0
32 3 0
32 4 1
32 5 0
32 6 2
32 7 0
32 8 2
32 9 0
32 10 1
32 11 2
32 12 2
32 13 1
32 14 1
32 15 2
32 16 2
32 17 0
32 18 0
32 19 1
32 20 2
32 21 1
32 22 2
32 23 1
32 24 2
32 25 1
32 26 2
32 27 2
32 28 2
32 29 0
33 0 2
33 1 1
33 2 1
33 3 2
33 4 1
33 5 2
33 6 0
33 7 1
33 8 0
33 9 2
33 10 1
33 11 1
33 12 2
33 13 1
33 14 2
33 15 1
33 16 1
33 17 2
33 18 2
33 19 2
33 20 0
33 21 2
33 22 0
33 23 1
33 24 0
33 25 1
33 26 0
33 27 2
33 28 0
33 29 0
34 0 0
34 1 0
34 2 1
34 3 1
34 4 2
34 5 2
34 6 2
34 7 0
34 8 0
34 9 0
34 10 0
34 11 0
34 12 2
34 13 0
34 14 1
34 15 2
34 16 2
34 17 0
34 18 0
34 19 2
34 20 2
34 21 1
34 22 1
34 23 1
34 24 2
34 25 2
34 26 2
34 27 1
34 28 2
34 29 0
35 0 1
35 1 2
35 2 1
35 3 0
35 4 1
35 5 1
35 6 0
35 7 1
35 8 2
35 9 1
35 10 2
35 11 0
35 12 1
35 13 2
35 14 0
35 15 0
35 16 2
35 17 0
35 18 1
35 19 2
35 20 0
35 21 1
35 22 1
35 23 2
35 24 2
35 25 1
35 26 1
35 27 2
35 28 0
35 29 1
36 0 0
36 1 0
36 2 1
36 3 1
36 4 0
36 5 0
36 6 0
36 7 1
36 8 2
36 9 2
36 10 2
36 11 1
36 12 2
36 13 1
36 14 1
36 15 1
36 16 2
36 17 1
36 18 2
36 19 0
36 20 1
36 21 0
36 22 2
36 23 0
36 24 2
36 25 1
36 26 0
36 27 2
36 28 2
36 29 1
37 0 0
37 1 2
37 2 1
37 3 2
37 4 1
37 5 2
37 6 0
37 7 2
37 8 1
37 9 2
37 10 2
37 11 1
37 12 2
37 13 2
37 14 0
37 15 1
37 16 1
37 17 2
37 18 0
37 19 1
37 20 1
37 21 2
37 22 2
37 23 0
37 24 0
37 25 2
37 26 2
37 27 1
37 28 1
37 29 1
38 0 0
38 1 0
38 2 1
38 3 1
38 4 0
38 5 0
38 6 1
38 7 1
38 8 0
38 9 0
38 10 0
38 11 2
38 12 1
38 13 0
38 14 2
38 15 2
38 16 2
38 17 1
38 18 2
38 19 0
38 20 2
38 21 0
38 22 2
38 23 1
38 24 1
38 25 1
38 26 0
38 27 0
38 28 2
38 29 0
39 0 2
39 1 2
39 2 0
39 3 1
39 4 2
39 5 1
39 6 2
39 7 0
39 8 2
39 9 2
39 10 1
39 11 0
39 12 2
39 13 2
39 14 1
39 15 1
39 16 2
39 17 1
39 18 0
39 19 2
39 20 1
39 21 0
39 22 0
39 23 2
39 24 2
39 25 1
39 26 1
39 27 1
39 28 1
39 29 0
40 0 1
40 1 1
40 2 1
40 3 2
40 4 0
40 5 0
40 6 1
40 7 2
40 8 1
40 9 0
40 10 2
40 11 2
40 12 0
40 13 1
40 14 2
40 15 2
40 16 0
40 17 1
40 18 1
40 19 1
40 20 0
40 21 1
40 22 2
40 23 0
40 24 1
40 25 2
40 26 1
40 27 2
40 28 0
40 29 1
41 0 0
41 1 2
41 2 2
41 3 1
41 4 2
41 5 2
41 6 2
41 7 0
41 8 2
41 9 1
41 10 0
41 11 1
41 12 1
41 13 1
41 14 2
41 15 1
41 16 1
41 17 1
41 18 2
41 19 0
41 20 2
41 21 1
41 22 1
41 23 2
41 24 2
41 25 2
41 26 1
41 27 2
41 28 1
41 29 2
42 0 0
42 1 2
42 2 1
42 3 0
42 4 1
42 5 1
42 6 0
42 7 2
42 8 1
42 9 2
42 10 0
42 11 2
42 12 1
42 13 2
42 14 1
42 15 1
42 16 0
42 17 0
42 18 2
42 19 0
42 20 1
42 21 2
42 22 2
42 23 0
42 24 2
42 25 2
42 26 0
42 27 1
42 28 2
42 29 0
43 0 1
43 1 0
43 2 0
43 3 0
43 4 0
43 5 1
43 6 2
43 7 1
43 8 1
43 9 0
43 10 2
43 11 2
43 12 1
43 13 1
43 14 2
43 15 0
43 16 0
43 17 2
43 18 1
43 19 0
43 20 0
43 21 2
43 22 0
43 23 0
43 24 0
43 25 2
43 26 0
43 27 1
43 28 2
43 29 2
44 0 1
44 1 0
44 2 2
44 3 2
44 4 0
44 5 0
44 6 0
44 7 2
44 8 0
44 9 2
44 10 1
44 11 2
44 12 2
44 13 2
44 14 1
44 15 1
44 16 0
44 17 1
44 18 1
44 19 1
44 20 2
44 21 1
44 22 1
44 23 0
44 24 1
44 25 2
44 26 0
44 27 1
44 28 1
44 29 2
45 0 1
45 1 0
45 2 2
45 3 1
45 4 2
45 5 1
45 6 2
45 7 0
45 8 1
45 9 0
45 10 2
45 11 2
45 12 2
45 13 2
45 14 2
45 15 0
45 16 0
45 17 2
45 18 2
45 19 1
45 20 1
45 21 2
45 22 1
45 23 0
45 24 2
45 25 2
45 26 0
45 27 2
45 28 2
45 29 1
46 0 0
46 1 1
46 2 1
46 3 2
46 4 0
46 5 1
46 6 1
46 7 0
46 8 1
46 9 0
46 10 0
46 11 2
46 12 2
46 13 0
46 14 1
46 15 0
46 16 1
46 17 0
46 18 0
46 19 0
46 20 1
46 21 0
46 22 2
46 23 0
46 24 0
46 25 2
46 26 0
46 27 1
46 28 0
46 29 0
47 0 2
47 1 0
47 2 2
47 3 1
47 4 0
47 5 2
47 6 2
47 7 2
47 8 0
47 9 0
47 10 2
47 11 1
47 12 0
47 13 2
47 14 1
47 15 2
47 16 0
47 17 0
47 18 2
47 19 1
47 20 1
47 21 1
47 22 1
47 23 1
47 24 2
47 25 2
47 26 2
47 27 0
47 28 0
47 29 2
48 0 1
48 1 0
48 2 0
48 3 0
48 4 2
48 5 0
48 6 1
48 7 1
48 8 2
48 9 2
48 10 2
48 11 2
48 12 1
48 13 0
48 14 2
48 15 0
48 16 0
48 17 0
48 18 1
48 19 0
48 20 2
48 21 2
48 22 2
48 23 1
48 24 1
48 25 1
48 26 0
48 27 1
48 28 2
48 29 1
49 0 0
49 1 1
49 2 2
49 3 0
49 4 2
49 5 1
49 6 2
49 7 1
49 8 2
49 9 2
49 10 0
49 11 0
49 12 2
49 13 2
49 14 1
49 15 2
49 16 0
49 17 1
49 18 2
49 19 1
49 20 2
49 21 2
49 22 1
49 23 1
49 24 0
49 25 2
49 26 1
49 27 2
49 28 1
49 29 0
50 0 1
50 1 2
50 2 2
50 3 1
50 4 1
50 5 2
50 6 2
50 7 0
50 8 1
50 9 0
50 10 0
50 11 1
50 12 0
50 13 2
50 14 2
50 15 2
50 16 1
50 17 2
50 18 1
50 19 2
50 20 0
50 21 0
50 22 2
50 23 1
50 24 1
50 25 0
50 26 1
50 27 2
50 28 2
50 29 0
51 0 1
51 1 2
51 2 1
51 3 0
51 4 0
51 5 0
51 6 0
51 7 2
51 8 1
51 9 1
51 10 0
51 11 1
51 12 0
51 13 1
51 14 1
51 15 2
51 16 0
51 17 0
51 18 2
51 19 1
51 20 0
51 21 2
51 22 2
51 23 2
51 24 1
51 25 1
51 26 0
51 27 1
51 28 1
51 29 0
